100 0.000508 0.000212 0.000263 0.000284 0.000228 0.000069 0.000206
200 0.002011 0.000531 0.00101 0.001145 0.000568 0.000144 0.000467
300 0.004614 0.000829 0.002292 0.002467 0.000722 0.00024 0.000538
400 0.008582 0.001176 0.004017 0.004437 0.001062 0.000341 0.001143
500 0.012947 0.001469 0.006377 0.007176 0.001324 0.000423 0.000981
600 0.019191 0.002062 0.008918 0.0102 0.001966 0.00082 0.001021
700 0.026009 0.002458 0.012445 0.014427 0.00194 0.000564 0.001706
800 0.03436 0.002587 0.016395 0.019192 0.002217 0.000674 0.001548
900 0.042865 0.002791 0.021716 0.024163 0.002629 0.000803 0.002513
1000 0.053435 0.003032 0.026189 0.028275 0.002958 0.001185 0.002425
1100 0.089651 0.008574 0.065161 0.036758 0.003056 0.001017 0.002714
1200 0.074731 0.004077 0.037909 0.042609 0.00319 0.001177 0.003336
1400 0.129792 0.011003 0.109812 0.097897 0.003869 0.001324 0.003211
1600 0.131685 0.005614 0.066942 0.073573 0.004228 0.001624 0.003698
1800 0.162587 0.006295 0.084184 0.094334 0.005 0.001809 0.004132
2000 0.228348 0.017301 0.131045 0.115579 0.005568 0.001901 0.004497
2200 0.312277 0.00777 0.120359 0.14026 0.006013 0.00221 0.005394
2400 0.302923 0.022513 0.187753 0.189979 0.016537 0.004821 0.013741
2600 0.38364 0.010168 0.168824 0.191265 0.007192 0.003352 0.01077
2800 0.391171 0.011635 0.197039 0.345091 0.008077 0.003022 0.007366
3000 0.521704 0.012728 0.286907 0.265518 0.008441 0.003018 0.00827
3500 0.619964 0.013926 0.30267 0.416509 0.00994 0.00479 0.008563
4000 0.993075 0.018121 0.398453 0.456712 0.011812 0.005708 0.009609
5000 1.295214 0.045379 0.724892 0.732689 0.016228 0.005983 0.013197
6000 1.866734 0.026501 0.909223 1.178382 0.019434 0.007355 0.015147
7000 2.784847 0.031706 1.299842 1.429023 0.02275 0.009526 0.016552
8000 3.477048 0.036602 1.850541 1.964541 0.026181 0.010822 0.018633
9000 4.567918 0.043039 2.067951 2.865434 0.046365 0.011713 0.025437
10000 5.506613 0.046692 3.186732 3.369996 0.034783 0.012272 0.026348
25000 34.733408 0.120391 18.453881 21.968173 0.100133 0.039498 0.063745
